12
12
110
110
111
111
134
134
136
136
150
150
154
154
175
175
186
186
222
222
232
232
235
235
266
266
299
299
308
311
311
315
335
335
374
374
376
376
418
418
435
435
439
439
470
470
507
507
507
507
546
546
557
557
589
619
619
652
652
662
662
662
662
667
667
667
667
694
694
709
709
734
734
753
753
781
781
781
781
805
805
805
827
827
847
847
870
870
875
875
890
890
925
925
927
927
947
947
959
959
991
991
998
998
999
999
1031
1031
1051
1051
1054
1054
1110
1110
1133
1133
1144
1144
1163
1163
1184
1184
1184
1184
1200
1200
1233
1233
1238
1238
1239
1239
1299
1299
1300
1300
1326
1349
1349
1367
1367
1386
1386
1410
1410
1414
1414
1423
1423
1435
1435
1438
1438
1439
1439
1450
1450
1463
1463
1499
1499
1507
1507
1528
1528
1537
1537
1557
1557
1570
1570
1575
1575
1589
1589
1608
1608
1679
1679
1684
1684
1697
1697
1701
1701
1713
1713
1719
1719
1727
1727
1739
1739
1740
1740
1743
1743
1778
1778
1811
1811
1870
1885
1885
1886
1886
1948
1948
1958
1958
1961
1961
1974
1974
1995
1995
2021
2021
2050
2050
2061
2061
2062
2062
2076
2076
2088
2088
2097
2097
2127
2127
2128
2128
2136
2136
2157
2157
2168
2168
2183
2183
2186
2186
2197
2197
2197
2197
2220
2220
2230
2230
2237
2237
2268
2268
2276
2276
2290
2290
2311
2311
2327
2327
2430
2430
2454
2454
2479
2479
2489
2489
2515
2515
2530
2530
2541
2548
2548
2569
2569
2579
2580
2580
2622
2622
2627
2627
2630
2630
2635
2653
2653
2691
2691
2726
2726
2761
2761
2827
2827
2831
2831
2850
2880
2880
2909
2909
2925
2925
3004
3004
3013
3028
3054
3054
3055
3055
3089
3089
3092
3092
3128
3128
3158
3158
3222
3222
3230
3230
3242
3242
3266
3266
3270
3270
3289
3289
3300
3300
3300
3300
3327
3327
3331
3331
3334
3334
3366
3366
3376
3376
3415
3415
3448
3448
3450
3450
3453
3453
3458
3458
3478
3478
3483
3483
3488
3488
3545
3545
3551
3551
3557
3557
3582
3582
3603
3603
3634
3634
3636
3636
3646
3646
3708
3708
3712
3712
3732
3732
3743
3743
3751
3751
3765
3765
3774
3774
3785
3785
3818
3818
3844
3844
3850
3850
3856
3856
3859
3859
3906
3906
3919
3919
3950
3950
3971
3971
3993
3993
4000
4000
4017
4017
4021
4021
4059
4059
4074
4074
4074
4074
4087
4087
4108
4108
4157
4157
4165
4165
4165
4165
4168
4168
4186
4186
4234
4234
4236
4236
4249
4249
4256
4256
4257
4257
4307
4307
4309
4309
4339
4339
4351
4351
4362
4362
4379
4379
4388
4388
4421
4421
4432
4432
4476
4476
4499
4499
4522
4522
4564
4564
4575
4575
4589
4589
4659
4659
4660
4660
4671
4671
4672
4672
4673
4673
4681
4681
4711
4711
4726
4726
4745
4745
4747
4747
4816
4816
4860
4860
4861
4861
4908
4908
4945
4945
4962
4962
4983
4983
5001
5001
5017
5017
5044
5044
5062
5087
5095
5095
5123
5123
5193
5193
5194
5194
5207
5207
5224
5224
5224
5224
5239
5239
5264
5264
5275
5294
5294
5309
5309
5326
5326
5359
5359
5369
5369
5373
5373
5386
5386
5386
5386
5431
5431
5473
5473
5510
5510
5545
5545
5590
5590
5647
5647
5647
5647
5672
5672
5690
5690
5693
5693
5711
5711
5758
5758
5772
5772
5776
5776
5780
5780
5785
5815
5815
5826
5826
5868
5868
5878
5878
5895
5895
5926
5926
5927
5927
5929
5929
5963
5963
5979
6009
6009
6045
6045
6075
6075
6136
6136
6139
6139
6146
6146
6152
6152
6182
6182
6194
6194
6204
6204
6208
6208
6209
6209
6220
6220
6256
6256
6264
6264
6270
6270
6285
6285
6312
6312
6314
6314
6318
6318
6327
6327
6352
6352
6389
6389
6391
6391
6391
6402
6402
6417
6417
6419
6419
6420
6420
6425
6425
6454
6454
6473
6473
6490
6490
6512
6512
6514
6514
6600
6600
6613
6613
6663
6663
6692
6692
6703
6703
6738
6738
6743
6743
6809
6842
6842
6860
6876
6876
6900
6900
6919
6919
6947
6947
6977
6977
6999
6999
7082
7082
7181
7181
7181
7181
7184
7184
7190
7190
7294
7294
7333
7333
7349
7349
7365
7365
7401
7446
7446
7473
7473
7492
7492
7508
7508
7548
7548
7552
7553
7553
7607
7607
7615
7615
7622
7622
7634
7634
7651
7651
7666
7666
7672
7672
7676
7676
7689
7689
7697
7697
7702
7702
7719
7719
7741
7741
7753
7753
7779
7779
7783
7783
7785
7785
7789
7789
7822
7822
7833
7833
7833
7833
7878
7878
7948
7948
7962
7962
7989
7989
8017
8017
8017
8017
8023
8023
8037
8037
8054
8054
8081
8081
8097
8097
8115
8115
8116
8116
8131
8131
8145
8145
8196
8196
8199
8199
8212
8212
8231
8231
8261
8261
8267
8267
8310
8310
8314
8314
8340
8340
8341
8341
8342
8342
8349
8349
8388
8388
8406
8406
8412
8412
8417
8417
8426
8426
8431
8431
8437
8437
8441
8441
8448
8448
8458
8458
8536
8536
8546
8546
8564
8564
8567
8567
8591
8591
8597
8597
8606
8606
8609
8609
8617
8617
8628
8628
8647
8647
8650
8650
8654
8654
8690
8690
8709
8709
8721
8721
8722
8722
8780
8780
8847
8847
8941
8941
8971
8971
8975
8975
9027
9027
9110
9110
9116
9116
9159
9159
9168
9168
9172
9172
9192
9192
9193
9193
9208
9208
9220
9227
9227
9248
9248
9295
9295
9313
9313
9313
9313
9317
9317
9328
9328
9334
9334
9341
9341
9380
9380
9400
9400
9413
9413
9417
9417
9438
9438
9448
9448
9451
9451
9487
9487
9526
9541
9541
9572
9572
9586
9586
9597
9597
9653
9653
9654
9654
9658
9658
9671
9671
9701
9701
9703
9703
9715
9715
9782
9782
9834
9834
9886
9886
9888
9888
9891
9891
9896
9896
9896
9896
9901
9901
9937
9937
9953
9953
